2.646978938535798940e-10
2.281925279504495045e-10
1.960700620750611264e-11
6.729037471775374604e-11
1.637766382476809912e-11
1.042875113174974070e-11
1.656827322539225701e-09
4.928561415638726415e-11
1.922770352448491916e-10
2.389826138323220916e-09
7.350276541753949086e-10
2.494954980491070345e-11
8.098790523302641586e-10
5.248741830825806429e-11
8.182723014772612793e-11
2.239612019707331646e-11
5.603391900233026714e-10
1.420257318874935590e-09
1.374591158610813296e-11
5.726806326179375184e-11
3.203948413034900991e-10
2.036349973166695746e-11
6.142652394525290712e-11
1.786424263378482544e-10
3.337389174901392147e-09
9.971308395674036349e-10
2.099962142812062401e-09
2.670975569479452581e-10
1.325582480964777735e-10
4.172337966337322769e-09
4.856900273383244198e-09
1.648367905790719411e-11
1.008466243204171095e-09
3.090464951710848947e-11
6.400179928150035135e-11
4.768123826996829458e-11
7.526083350311162352e-10
3.095287931337123451e-09
2.844616443672949831e-09
3.365234306785904467e-09
2.172291024772708209e-09
1.945361298463006183e-09
4.358069727752447357e-10
9.089343297958459708e-10
2.503698627707366849e-11
1.075146332406101976e-10
2.079442852962637770e-10
6.331393303519838442e-11
1.115607333372960136e-11
6.945964175171535295e-11
3.716576991210107678e-10
9.939133426283118524e-11
3.160016134122481296e-11
3.378726315065562127e-09
1.315716402903908501e-09
1.988693206588210357e-11
1.260949242988449587e-11
1.667439978080041313e-09
5.015696746470060561e-11
2.438000830678923580e-11
1.994566116000196172e-10
6.051894278950094922e-10
1.534433092695872769e-09
3.807841887116193093e-09
7.189997612349650567e-11
1.331343217873918504e-09
1.382396458983148581e-09
1.457134655542694865e-09
1.835357040386743338e-10
4.733279188222199363e-09
1.025715911882691591e-10
3.767883127333042014e-09
2.169047705826484355e-11
1.762765108006844917e-10
5.567201507404253287e-11
1.956186178236029290e-11
1.931440246277845833e-09
3.185733402768779341e-10
8.794256447848905126e-10
6.569252607588789432e-11
2.058449635033989045e-09
7.472688125468766140e-10
2.016948704966677812e-11
3.009673969611004734e-11
1.892045045948912607e-11
3.818298098746014304e-10
3.522614381044987575e-10
1.240312904309034278e-11
2.734291148555875767e-11
2.107883400333775662e-10
1.212857798756711308e-10
2.340832915155407312e-09
2.260955343597124596e-10
1.471375030156591574e-10
5.138406316859540394e-11
7.160834656420960819e-11
1.313247531978222750e-10
2.037942335820270869e-10
3.152118347567504761e-10
2.790459842955098612e-09
2.164718792617503145e-11
1.416758110619262862e-11
4.620738918920915730e-11
1.056303609585685487e-10
1.198017790250188001e-11
1.105108029224526122e-10
1.256695895939000629e-11
6.670700244995855191e-11
1.522705313391874628e-10
3.097377875012114323e-10
1.466205188258639044e-10
1.365570327262040972e-11
1.915051431353180763e-10
5.364510853485404278e-10
3.094416540270154649e-10
3.332871224665294256e-10
2.459553059890331809e-09
1.391077844499444147e-10
8.302106006126808461e-10
1.327463577703900174e-09
4.378073281175126321e-11
1.271120750027186410e-09
1.004491524180434187e-09
1.163090689258297800e-11
3.849253756875002138e-10
3.155193071135069712e-10
2.764634808614819702e-10
5.691141981621105266e-11
5.878126051506468135e-11
2.052416531193621734e-11
5.835975023286456287e-10
1.385546575286296290e-09
3.583079986614829289e-11
2.721283815623005111e-10
6.040111318162503807e-11
3.261036723528051881e-10
1.367020121492846784e-09
4.921322056648679604e-10
1.796906951952621835e-11
1.622032354296694301e-11
2.734397099889972461e-09
1.178641124803022987e-09
4.451624149713898345e-10
2.289909673937443224e-11
1.470334025664576208e-11
2.908466879719133248e-10
2.264776317288883547e-09
3.945173593191741846e-10
9.522410716336379691e-11
2.081935625339837513e-11
3.413824257746173600e-09
1.691017881241246429e-10
7.907357741523076849e-10
2.229888120564603232e-09
1.940366268410705909e-11
1.023018846588295542e-11
2.832139937622288091e-10
1.002958141603638929e-09
3.548316860298520774e-11
4.953941147809446459e-11
4.933273496946816124e-10
2.216810055210143742e-10
2.074907571087013453e-10
2.920198088333767987e-10
3.423158086502206361e-09
1.346429954585414819e-11
2.127489543730692282e-10
1.213807593800221898e-11
1.546088669596514587e-09
1.544816272307899232e-09
1.351247860773502225e-11
1.288739194891743100e-11
1.274757936668620014e-09
1.481088227169580961e-10
6.371243323105382965e-10
4.403525856980392715e-11
1.776772123233963744e-11
6.229669095343902259e-10
6.200759527330062374e-10
1.943160736096608517e-11
2.296996066031011952e-10
2.732765338475653356e-10
3.177189354042010066e-10
5.454756689521358664e-11
1.404538808883170220e-10
2.339608445191423087e-10
6.482793137150383349e-11
5.327025170655155530e-11
6.479224301562574589e-10
2.173237494423479170e-11
6.642101733177163407e-10
2.821589345329600715e-09
1.163031949143712624e-11
9.372476469591927892e-10
2.309908008576315010e-09
1.331811855106447874e-09
2.702247727185237417e-09
6.808304175284873392e-10
5.547305721009892926e-10
1.757550681142881512e-10
6.045210313593847253e-10
2.559973907101369021e-11
2.639661739178982978e-09
1.322391213575140041e-10
9.342544107899379991e-10
1.714308173216963913e-11
4.496283416461228428e-10
1.361336236814979542e-10
1.428951259167404712e-11
4.119105768095732966e-10
1.586237678224660326e-11
3.252244959570489051e-10
1.085914684144163070e-09
1.478798033040784757e-10
1.632821202759403306e-09
1.239212461074110107e-10
1.086269488427811094e-11
2.714018493326794688e-10
4.520701198636036433e-10
4.806396940240768737e-11
4.905769671987630107e-10
2.006000837352523994e-09
1.925958328403265970e-11
7.277790299054368823e-10
1.356103769073183149e-09
3.643963651166363358e-09
2.252256042888721003e-10
3.287255326774659537e-11
1.713234632120736857e-09
6.752527088179634493e-11
4.706879515075931659e-09
1.804508905933142024e-09
1.587496717818727366e-11
6.725824566465905815e-11
4.783913027422156482e-10
1.384863464968365244e-09
2.533437339356911360e-09
3.160211772384653515e-11
2.325572946235244269e-10
5.124679035320326438e-11
8.209432638461083023e-10
6.887770922030712378e-11
4.635173859709517910e-10
2.344644552802758077e-09
3.458654325977385111e-10
7.035146077618918794e-10
3.910805905277463229e-11
9.383338290147240596e-11
2.098943098233033383e-09
5.566512437269461603e-11
1.161961479563661026e-10
2.203608913654402515e-11
7.399567753263830350e-11
1.654328992818051797e-09
3.452958572916336583e-10
2.266210365331669282e-09
1.210382921087816588e-11
1.530134116259622155e-10
1.373500977887209377e-11
1.461956562238645901e-11
3.944816447644440393e-10
1.280297861793306488e-11
1.960070663229042756e-10
3.606706429932513401e-10
6.622982742159818747e-11
1.314391413166893154e-09
4.097440455947999365e-10
1.176838553596639407e-09
2.107180816454215162e-11
5.618188880172461174e-11
8.297530569064870552e-11
7.814573854777186640e-10
4.000469736366247289e-09
4.580383842028223598e-10
1.029478311333212607e-10
1.894940519503297650e-10
2.074841120564396362e-09
3.541302208855675119e-10
4.969869175329621619e-09
2.479158590747492900e-10
4.070011950203473911e-09
1.787909970264517990e-10
3.992325666561847721e-10
5.563604948134486060e-10
5.848716432685454951e-10
3.799117419521241631e-11
1.660263449851193932e-11
1.689073079658472231e-10
2.297252119181780686e-09
6.476428173413708891e-10
1.570258777508053375e-11
7.592718260655983820e-11
7.461718937773358406e-10
1.520204969512597571e-10
6.960606694369052351e-10
1.259467291557427426e-11
3.365189958809972337e-09
4.138780247255357475e-10
2.192995532524953846e-10
1.129609890204284942e-11
2.024694596303297449e-11
1.041502855846770967e-11
7.376153235771885913e-10
2.017389784707107570e-11
1.029258004528246205e-09
4.552555221632508923e-11
2.867321898180431022e-10
2.583416562990468160e-09
1.480400100405056704e-09
4.407926449744972155e-09
2.006272211762351670e-11
4.007434515960350939e-09
7.587785180858725403e-11
2.485544521542539180e-09
2.225067994008902498e-10
2.002922436741929602e-09
1.201930871437495099e-09
1.215702442017946977e-09
1.098973502775406653e-10
4.651139297002201081e-11
4.456167926945697224e-09
1.250707351261693728e-10
4.861513001844223962e-11
1.587027576122147533e-09
5.213290549420577833e-10
1.479874839832169376e-11
4.831895315901648528e-09
3.449550650841018227e-11
3.533151256585392821e-09
1.630442748441754117e-10
3.891739284918205035e-10
2.279217023040103172e-11
1.390495322934745035e-11
1.436401819933330239e-10
4.210016523366331560e-09
4.766870390950439603e-09
5.936741465668327324e-10
6.008729544184181210e-11
6.582465319834538188e-10
1.231151864528109558e-09
1.444767546404569936e-09
3.804575625675698984e-09
3.125033928284181265e-10
4.739147713105750579e-09
7.187902834455174055e-11
2.793171114973321757e-10
3.915195751062099156e-10
1.781046956313486464e-11
4.276281194582756441e-10
8.912361747123999884e-10
2.064434944422394749e-09
6.084439950886287130e-10
3.835170449858669411e-09
6.295446696997749251e-11
1.866919267854231303e-10
3.318392093041996571e-09
1.243853550753549810e-11
9.496407811448045270e-10
1.630094219739445768e-11
1.601516708328428435e-11
2.111031174833956350e-11
1.399268089991481153e-11
7.912300237248011770e-10
1.371259988170328634e-09
3.898702236494021407e-11
1.646081130662112828e-09
2.024277841190320716e-11
1.957953480724459658e-10
7.115827400539863482e-11
1.813448670163090288e-09
1.958556634933205007e-11
2.095961266404321217e-11
5.463603114524230685e-10
2.567758236004033834e-11
1.452770676545962098e-10
8.735740265795481716e-10
2.489703069404513940e-09
2.489710527948192267e-11
6.264174577516273498e-11
8.454777460899967227e-10
4.013203932565044468e-10
9.079474947326340919e-10
2.344763123282255068e-09
5.762177972080090437e-11
1.953051309089441351e-11
3.514669368660652787e-11
2.292138133070302166e-09
5.482823347921174691e-10
1.015679833936815650e-10
3.074400435742424483e-11
4.501766865824720008e-10
2.435037967540903454e-10
2.395078455662068340e-11
2.055653241807527895e-11
4.915767492628221650e-11
1.156171339562319581e-10
1.401760130104275679e-11
4.475554064762837114e-09
1.365760776818073992e-11
1.298817864131279173e-10
3.067506462736383194e-09
4.488406339609515376e-09
1.314850045881631594e-09
1.188656761205587767e-11
3.357502968485688086e-11
8.625679928138170746e-10
1.136034506383697248e-10
2.807642912434015630e-10
3.141087557224776934e-10
5.007399584596026892e-11
6.050823359761647362e-10
1.061000887188171603e-10
6.349986545252022416e-10
2.342187425708528027e-10
1.984729340296969097e-11
1.143047163250449424e-10
1.415303277349580756e-09
1.692159066135230271e-10
1.082368916881259692e-10
1.132004240799863909e-11
3.657055574033574719e-10
6.914365640140969148e-10
3.168160987595973270e-10
2.328574869452303306e-11
1.396434398499053339e-09
2.260193889625567998e-09
1.615057542836614912e-10
1.937641203233102165e-11
3.471379273135034700e-10
3.946102868451591038e-11
5.285940263744262427e-11
2.340932013174270198e-09
2.626178397609855034e-10
2.429402454299913810e-10
4.952409654941362900e-10
8.924160283235509345e-11
8.029004958507481474e-10
2.941327957670478916e-11
1.800825759731825468e-11
1.377188446575886526e-10
1.867899537684482242e-11
1.871098250490521145e-09
9.788723475362522145e-11
2.554959386913307671e-11
5.859052148969939963e-11
1.350352245698342959e-10
2.713957780487847669e-11
3.658192086976246946e-11
5.786595994652599522e-11
1.047877994590397516e-11
2.175235048122434324e-10
3.207496650163424114e-10
1.439225614687110155e-10
5.579893466101746523e-11
1.818005237033269885e-11
4.570580899913075003e-11
2.725137136286676462e-10
3.578269000040908612e-11
4.731181977383142502e-10
1.951747221771379188e-09
5.892601187608507760e-10
5.094032453458504584e-09
3.050623217190854760e-09
1.808372629422685731e-11
1.722153251227651933e-09
8.309007531557460730e-10
2.058410696740617575e-09
1.500874990532336536e-10
3.033943052987830873e-10
2.786993984815786777e-11
4.583372985455473484e-10
1.683667009566976487e-09
1.525182251903551550e-10
4.320503272853445145e-09
1.460300958844483639e-10
2.748007000163337338e-09
4.130226213179716589e-09
4.323653604976277170e-09
1.199416058366622905e-09
1.452295021028286194e-09
2.376895080822964406e-10
6.799064569474822750e-11
1.588805509444440424e-11
2.231302420208968533e-09
4.395837668608700876e-11
7.467891357028543700e-11
1.332882545993612872e-11
1.576465969750533053e-11
5.614187555622439652e-11
2.320380879569518816e-10
2.686945499503189455e-10
7.848668840941965468e-11
1.610610655044112307e-09
3.557445408183012149e-09
3.938907590302038812e-10
1.503207287832136215e-10
2.048014130936816823e-10
4.927793648645692519e-11
6.368125497299747290e-10
1.054734030517515487e-11
7.262562912488406072e-11
1.750971851686027688e-10
3.378424979986991559e-11
1.654397376400010939e-11
4.259289153227362433e-09
3.427650440166144957e-10
8.909330327408679203e-10
1.782756978349187528e-10
4.040185430480848331e-11
3.985387821510862795e-10
1.330175274645096550e-10
5.645787409032748182e-10
1.569072662202887851e-10
1.045459592370535399e-10
1.555565064465008815e-09
6.103652002400390794e-10
1.358056640068317763e-09
3.697238573094358603e-11
3.400314951555319703e-11
3.218557180743321817e-09
1.684970320013326192e-11
6.771531730021852806e-10
1.756723181047223280e-09
2.089015242531272951e-10
1.510289577073440115e-09
1.695223845806220791e-11
4.242561576097244086e-11
9.766722760956828195e-11
4.306111499308352459e-11
1.006518428570205687e-09
5.764292503146011114e-11
5.032715492529103004e-09
4.277498584672962014e-10
4.989369314174674605e-10
1.513666448827459448e-10
1.184227882483648080e-11
1.600403355709688271e-10
1.939183149207721279e-10
5.899322826861402800e-10
1.339553245063603381e-11
2.273185723826387014e-09
1.250418779825889729e-11
9.258148011016435971e-11
3.935489670714435483e-09
4.371087014844864849e-09
1.962511727771028386e-09
9.606932832232288358e-10
2.942054118330825562e-09
1.300088338044324643e-09
3.222687238510881619e-09
2.484576800964116154e-10
1.513941749385772471e-09
8.387736155447769268e-11
1.988124314257647609e-11
2.067935485358486319e-10
1.291900159392682696e-09
1.843364785173599875e-11
1.529020666146727178e-10
5.460488671918482993e-11
4.922247652284452213e-11
5.987399037922637880e-11
7.574387898349006789e-11
1.660619879361771772e-10
1.454772760481607583e-11
4.349175420712550685e-09
4.183719956802677717e-10
8.844245278228302018e-11
2.164057100378452167e-11
1.162937104980667072e-11
1.152698631534649044e-10
1.098246944789725462e-09
8.294097707495110849e-11
1.581473200231338461e-11
2.932427206484250119e-09
4.069244703473835559e-11
1.289957491667829686e-10
1.386934594310700866e-09
1.199583085762857703e-09
1.431517290758610607e-09
6.868915577242498564e-10
7.827978034432668897e-11
1.681131832647617059e-10
1.587915751518669817e-09
3.262205149970620667e-11
1.766129858912686106e-10
1.620868454865970738e-10
4.422610736011418095e-09
1.618871938291472582e-10
7.522662318316340812e-10
1.186005797738968308e-10
2.162195982801865896e-10
6.750186502469628838e-11
4.864492044756224426e-09
1.447874196851505619e-10
1.278092123255391305e-11
2.667026673509110567e-09
1.907231304002850276e-10
2.040901551899934690e-10
1.442218467703163682e-09
6.857539144702279392e-11
9.724987289365615400e-10
3.498606628175440428e-09
2.558762403183297702e-11
8.000360936476734473e-11
2.396050958907396902e-11
2.948464609144961632e-11
1.157558058914343074e-10
3.444547899464697732e-09
1.362592701568350291e-10
2.998269011364188605e-10
2.426245161063273670e-11
2.176382685769412545e-10
3.869021837692373891e-10
1.122496039137419944e-11
5.055973355286394350e-09
2.383734616235866131e-09
2.194671664655463667e-09
5.985356773937673760e-11
2.482647627329221668e-11
3.575933441678583241e-09
1.467407569235640067e-10
2.542544974524640110e-09
1.283135511202614584e-11
2.834542016539217680e-10
4.751299318533843863e-11
9.839049524074451026e-11
2.165617481194615643e-09
2.322146192894171451e-09
2.189933387652857884e-11
3.504388007157295917e-11
1.194036719579307534e-10
1.697391460348972814e-11
1.432538932467483167e-09
1.811734293715519423e-10
4.515903796559857947e-10
3.839516387760924694e-10
9.158828763878107839e-10
2.489605102239432625e-10
2.772206506692383786e-11
3.427596901805085813e-09
7.922381920709981390e-11
4.792583138006741985e-09
5.369642476728674218e-11
2.124770124334744421e-10
3.048963647372366083e-11
5.963629188481529890e-11
3.615108199836124234e-11
9.414634900558994283e-11
1.015591192724027489e-09
4.308024887556494352e-10
7.699851857655668249e-10
1.776776581734919885e-11
5.267850986112186422e-10
3.195069886852887483e-09
1.862721804673815420e-09
1.660929825985158790e-09
3.676974410766892428e-11
3.041578913215631192e-09
3.817324318106881382e-09
2.307926583651192570e-09
4.998057456252131279e-11
4.650640459628179897e-11
9.725144989492138278e-11
3.666594049845520815e-10
1.068136154601124750e-09
2.249110452802271016e-11
1.242163502223392839e-10
3.493679136506448354e-09
2.366115834826435574e-11
2.496288058745354651e-11
2.138721614285876667e-10
1.111992681511464242e-11
2.275745486807487424e-09
1.815368207281466984e-11
3.148192065355968087e-11
2.769300427759997997e-10
3.007784567298597710e-09
1.340381643862887286e-09
2.327691925273826157e-11
7.824585559664367574e-11
7.862576203359470015e-11
1.866049918708739464e-11
2.833957513664750887e-10
1.282772582258493384e-10
2.037684091765660196e-09
2.778435126647384649e-09
1.088223018424096723e-11
6.472673828868915551e-10
1.544122704292983287e-10
6.623164964411869517e-11
1.612515942640372756e-09
1.468716219673570281e-11
1.893434654923273519e-09
1.325852378234249580e-09
1.531234715985917809e-11
1.894592406587201998e-11
3.172056214925834673e-09
2.062667993920543708e-10
6.477425013526240643e-11
2.307264387037406951e-11
3.529417837072065174e-10
8.210696445183021333e-10
2.491294022027497753e-10
5.944109369835571846e-11
3.127358933101745559e-09
3.572467048091013051e-11
2.188882458650870894e-10
3.106405083957742531e-11
1.253245578536736467e-09
5.435586857862960395e-10
1.668982121917205251e-10
5.372064050291366725e-11
1.510130075589472747e-09
3.987661441077418195e-11
8.218859240271477228e-11
7.095978790575244478e-10
1.953350565527512531e-09
7.468569344066584236e-10
2.304937547424472607e-10
7.950462777100085142e-10
2.638707729436251908e-09
8.559880302739250690e-10
4.460871426676595180e-09
8.917196139392616733e-10
2.901384052163127605e-11
1.859877052191749471e-11
2.064900074914758104e-10
2.829047591149470532e-09
2.584736210996200657e-11
4.275816751859012351e-09
7.443201099685339917e-10
6.797942649776901236e-11
2.788447552084049983e-09
1.166621487953961847e-10
3.820953887121288511e-09
5.170951301171401708e-10
2.135733648402723286e-09
2.662787273558453243e-10
7.097101562641623360e-10
1.699212417622403998e-10
7.762542363511679200e-11
1.062209438985232772e-11
3.124726304667651035e-09
7.260027394208985874e-10
2.971002929925268162e-09
1.987754675353161482e-10
8.129666614567009337e-11
2.267353331302530890e-09
8.405230983964009513e-10
5.406703744405197156e-10
1.289409125111436249e-10
1.699951710380870647e-11
8.954498510314097978e-11
2.550681317311331116e-09
2.851825709467854117e-10
1.028338964101185472e-11
4.171135234733128686e-11
1.525260595991670676e-09
1.155638642559096424e-10
4.556168079524950611e-10
2.368334422849122778e-09
2.654306631558559017e-09
3.278240083471261774e-09
3.440269044897663476e-11
2.123588639696007837e-11
1.462071954037227601e-10
2.272635532903497798e-11
2.105158440131043298e-11
2.609047698822553433e-11
1.208048295737970564e-09
2.655425955766819342e-11
4.260099222391241675e-10
2.159482237634291699e-09
1.662773614874289342e-10
2.092795601751509562e-11
3.710559673863908328e-09
2.461741368074693100e-10
1.294841829479138773e-10
7.632911437922117354e-11
3.194457220211475622e-11
2.664502839372469237e-09
1.316499990969317110e-11
8.953554928114588620e-11
4.706662541279339096e-11
6.953820876705143654e-10
9.630004279826454124e-11
8.627153571514988233e-10
4.591742087675327368e-11
1.146032046889198047e-11
1.266507187568851760e-09
1.390997280269527993e-11
3.020926088933753214e-10
2.811932530102206672e-10
2.290213119581715985e-11
5.085009179666363697e-11
3.964757833792907987e-09
1.562652065726130637e-11
6.514455090503626546e-10
3.452597170500008198e-09
2.318384140229092062e-10
5.224713691916076535e-11
1.700508769388959463e-09
1.529935797171724416e-09
2.211469527508614509e-11
3.683937967443334087e-10
2.867659816320325845e-10
1.729277553845031663e-11
1.181356475146762940e-10
1.407323904453780154e-10
3.103840649049932201e-10
1.935600426888807575e-10
2.901722741618608400e-10
6.133047303169741063e-11
5.874757633406537464e-10
1.590106120150789854e-11
2.217575226434146137e-09
1.268188126740165259e-11
1.046873840995235711e-10
6.272800898172460157e-11
1.133132181994273655e-11
6.089409676454249552e-10
2.323328867284569340e-09
1.248001112255202903e-10
6.231071861148470212e-11
3.138702243662996026e-09
3.983419254679309906e-10
1.767379543658335733e-10
2.279912920006282456e-09
5.082892979584589560e-11
1.695075544838688210e-09
2.278467402146161254e-11
1.164652512513539168e-10
1.451469610227112025e-09
2.254088926563674196e-09
1.355455915645136659e-09
6.595317128667957936e-10
1.671013440709519157e-09
1.640664849951150998e-11
7.595094761419582333e-10
2.097282052346623770e-10
1.582028123792971575e-10
9.610801839558826394e-10
5.738911225156567262e-10
9.403021567826261349e-11
4.388581843283044266e-11
3.139970892043062906e-10
2.692328037809701221e-10
3.854376918873749147e-11
4.788264708148343024e-10
1.161754347318009538e-09
4.668583989704632221e-09
4.868456469686529102e-10
4.573359326565296006e-09
1.767377369495929598e-09
1.355425341475364578e-10
2.701772283680500938e-09
2.881275773058012810e-11
1.316899822979805760e-09
4.010892302685412288e-10
1.937307401279802058e-09
3.035525672440424143e-10
1.113701109668952287e-10
1.885497405115431114e-10
5.178582853285505762e-10
1.402087227325738449e-10
3.144109135705566643e-09
3.832938778691521809e-11
2.158283777732736199e-10
8.963808864782091568e-11
4.323651814549567043e-09
4.521563777983397212e-11
6.571759445047798703e-11
1.178824685531980070e-09
3.062136000178249876e-09
4.924757859973401222e-11
2.270275562580741279e-09
5.803642759317473238e-11
3.411713619361597714e-11
1.423777988843530221e-10
1.184271446062277555e-09
2.258147422759217051e-09
1.532064184897768657e-09
1.402048078590527519e-09
7.924440159781309964e-11
3.480604319090987720e-10
2.607391866184285613e-10
2.647862942326167810e-09
1.870919063238850944e-11
2.262148335212049215e-09
3.158643792023450756e-09
1.403530424092652085e-10
4.441670196822506149e-11
1.132295099483323451e-11
1.271425484354217326e-10
2.349035472099209816e-11
2.203542560091061097e-11
8.596801636858242296e-10
5.673782839634450416e-11
5.414019237012272855e-11
1.130889390505835402e-09
1.425871306270054696e-11
1.030264965961666663e-11
2.492988065324933222e-11
2.293133243568168765e-09
8.626302278114326250e-11
4.818920959125979745e-09
4.987833947097027191e-11
1.169554827934105634e-09
2.797083759570955294e-09
4.476720897033605809e-11
1.268756976636956473e-11
1.615738625977897079e-09
1.244446083343259144e-10
3.812054722482459407e-11
3.753070428829637660e-10
3.568946300459902908e-11
5.595692458577393624e-10
1.719183182204910193e-11
5.912139234859248365e-11
1.921711747900944476e-11
1.472084289559909275e-11
6.945943562343863665e-10
3.175887087491992356e-10
4.539172390798682429e-09
1.853851757957560072e-11
1.479595541526134141e-11
9.414943908240508828e-11
6.943494287453584310e-10
1.833533276373958666e-11
1.458115172547361134e-09
1.940280499877543663e-10
4.354601992715614626e-10
1.911196931226844869e-09
2.170185779653892068e-09
1.227631727604814243e-11
1.573927645234850552e-10
2.665689061136921934e-11
1.060318810044856855e-10
4.111867059612425581e-10
3.313822317143355985e-11
1.759335316141757153e-09
8.453762223072953062e-11
7.079277525343083466e-11
3.587007316452503291e-11
2.113204205137585022e-10
9.406882127047040759e-10
1.500523928437983395e-09
3.578714748526931232e-10
9.921950807643241395e-11
3.880749097164028730e-10
3.294260579857989172e-10
1.642146222207188130e-10
1.799859299332752237e-10
3.536601617238840869e-10
1.225390325331772206e-11
1.864763438430960142e-11
1.169238745673950502e-10
1.506961081851681632e-10
6.347667169321173267e-10
2.306183387230228936e-10
3.018179142908612560e-11
1.201213398165411039e-10
1.417460893420692325e-09
8.043378407082128393e-10
5.183200204198898151e-10
3.803875219716613952e-11
1.014802745149789822e-10
1.579979601291184497e-11
1.086744625466905135e-09
1.587592118499015383e-11
2.132128964584706528e-09
1.542028223313129338e-10
1.115909375216258367e-10
5.884909679022611577e-11
1.094653553164679916e-10
3.235735361544017653e-10
4.068621620960476361e-09
1.746642425443955307e-09
9.483971569000309672e-10
6.324829126541058880e-10
1.986804441090107760e-10
5.603155753270658912e-10
1.723358232340187121e-09
5.908248540543691395e-11
1.932760181387085757e-09
1.438489854697054653e-11
1.411207030789005080e-11
1.264370344083538925e-09
4.502001369899372979e-11
5.376955544305764674e-11
3.729942094970716639e-10
4.122950970650295865e-11
4.496280495316512741e-09
1.751900578042778865e-10
2.933888052402959977e-09
1.007808358511496130e-09
1.124876860690285769e-11
2.196876069842821244e-09
6.620777178668980743e-11
1.721407790568986558e-10
