-2.830821194764205056e-03
-2.606178893685542463e-03
-2.572904724680978843e-03
-1.507280946806565606e-03
-2.321523051194012387e-03
-2.837818922546698520e-03
-2.439996456906448272e-03
-1.580707130724465746e-03
-2.283789736335522982e-03
-2.142171334025262316e-03
-3.362055233869628169e-03
-2.818856528339142194e-03
-2.830180591469391976e-03
-3.369005608048907235e-03
-2.129680124430931819e-03
-2.068153794660965161e-03
-2.612361213356485801e-03
-3.409240881930915030e-03
-3.260687692105788005e-03
-3.224270725606307678e-03
-2.856444108498631170e-03
-2.249485674837166469e-03
-1.548850522015323816e-03
-3.004240994428938535e-03
-1.943955131905259100e-03
-3.352617188693674411e-03
-1.935810169226223577e-03
-3.250880274692143426e-03
-2.189095728322397461e-03
-1.571315067718939609e-03
-2.563949153041160302e-03
-1.508570176504880032e-03
-2.121266472380151612e-03
-1.927976491470936296e-03
-1.969684784452831877e-03
-3.335439066053956514e-03
-3.001044640171244594e-03
-2.570079928678821631e-03
-1.683616917768991856e-03
-1.768367743640485634e-03
-2.759135235868555823e-03
-2.970551021257211363e-03
-3.276333611877596964e-03
-1.859446562287457756e-03
-3.019321135784583388e-03
-3.219038909167362076e-03
-3.272281749302294838e-03
-2.127255624407964774e-03
-1.832955362142484447e-03
-1.965073727055111769e-03
-2.625853636572064199e-03
-2.917953265122255786e-03
-3.435065534375619008e-03
-3.268954543105875941e-03
-2.266815689703212226e-03
-2.317513613963765023e-03
-1.664940572248077219e-03
-1.645260215379047448e-03
-2.345987806041252306e-03
-2.399248567492671871e-03
-3.417927700908977851e-03
-2.246967412653396584e-03
-2.330225702239526082e-03
-2.049967563524204058e-03
-2.513206217828201257e-03
-2.343724784149791261e-03
-1.682621736620182199e-03
-3.129048729969889382e-03
-2.147570195426354474e-03
-3.191862415865765606e-03
-2.113086692754390442e-03
-1.923373579111334981e-03
-2.750131619082330382e-03
-1.763156362399122094e-03
-3.116396028258083383e-03
-3.497253951101515334e-03
-2.897717818091709568e-03
-2.619166106019113656e-03
-2.462947455175091248e-03
-2.115207666028955102e-03
-2.289554305278240689e-03
-3.369972517482903041e-03
-2.614426497679829195e-03
-3.061953669566719848e-03
-3.357434857648746579e-03
-1.713462284752870169e-03
-1.950412400931349427e-03
-1.644512268544784384e-03
-1.967462810982088459e-03
-1.946865061602543693e-03
-1.723024983302985126e-03
-1.891608601394966296e-03
-2.963276179986469670e-03
-1.500650629849983441e-03
-2.400238019737950708e-03
-2.083960103947386875e-03
-3.043958952753229863e-03
-1.858653832104550452e-03
-2.641226901570883478e-03
-3.130499612328925974e-03
-2.822519588708702776e-03
-2.378842647314046051e-03
-2.615328387073252020e-03
-3.000168630050342733e-03
-2.696586522889747942e-03
-2.366337970532312977e-03
-2.144817556051034895e-03
-3.200377561628557372e-03
-1.648275940887710669e-03
-2.172770500076361046e-03
-2.032847050324202223e-03
-2.225700812234689390e-03
-2.578736411809863429e-03
-2.508812981348674219e-03
-2.519336151388903641e-03
-1.518916976349454773e-03
-2.168757297812747876e-03
-2.606770655132248371e-03
-2.128930577013708747e-03
-2.963646074050865168e-03
-2.958128373444005726e-03
-3.450585536532329353e-03
-3.321786598897478234e-03
-2.903083019654001395e-03
-3.276239536464402649e-03
-3.438491465304548481e-03
-1.967908677762095562e-03
-3.327765002810648739e-03
-1.930004228017335620e-03
-3.196952326598273900e-03
-2.290978731748119501e-03
-3.295671240230252808e-03
-3.058431512237242984e-03
-2.783023210376805306e-03
-1.842948254329132693e-03
-1.506472596541694967e-03
-2.509482400755230162e-03
-2.628748912957063876e-03
-3.178212104075930737e-03
-3.265958355532832137e-03
-2.077027859372440784e-03
-2.043702520877576853e-03
-2.825805868819476242e-03
-3.119150387167395153e-03
-1.821528470475763809e-03
-2.835591277799006608e-03
-3.116379174665556608e-03
-1.999603935141398749e-03
-3.090349688547244442e-03
-2.580683911906286876e-03
-1.758623363234684042e-03
-1.680129816641587944e-03
-2.827976419483863718e-03
-1.841804532413450837e-03
-2.402153133346181940e-03
-2.393946285919371607e-03
-2.140612472061789034e-03
-2.241616929159207135e-03
-3.381588129138956081e-03
-3.262355910342539401e-03
-1.788531288505388738e-03
-1.815805101101037895e-03
-3.300038856391715285e-03
-2.147021089886984833e-03
-2.200786523468922003e-03
-2.448467765868125173e-03
-2.139085773607937464e-03
-1.864048239061839862e-03
-2.238344004801065979e-03
-1.702175945944237436e-03
-1.673556556537533378e-03
-2.208316199428426128e-03
-2.054272696507123026e-03
-1.730556957473742717e-03
-1.529654225612398638e-03
-2.283053197772224544e-03
-3.123136547404720392e-03
-2.177465774084689533e-03
-2.460551644868023621e-03
-2.465490833401516070e-03
-2.966802115843051885e-03
-3.283147637648939441e-03
-2.602179535280469726e-03
-1.502180792868562133e-03
-1.526922667132260894e-03
-3.028379908608122648e-03
-3.348360981089129954e-03
-3.311510396029558254e-03
-3.479982493061087138e-03
-3.383696881544817885e-03
-2.833277138148736739e-03
-2.956631649723849304e-03
-3.170126552500245314e-03
-2.765529692726010312e-03
-2.458198292455408829e-03
-3.378538743439861262e-03
-2.069980932236686194e-03
-2.505045963025580736e-03
-3.248973674588454159e-03
-3.098514832735567263e-03
-3.473831982577722018e-03
-2.888816743863566010e-03
-2.072634356360173423e-03
-1.877016963737532284e-03
-2.958108497937153407e-03
-3.030213505099297808e-03
-2.056892363388997981e-03
-2.917037838261784567e-03
-2.085222467683406182e-03
-1.847443572866890472e-03
-2.734850731246949319e-03
-3.324466508781946574e-03
-3.260764232524462122e-03
-1.661815171828849840e-03
-2.334687981805452263e-03
-3.394905562518723153e-03
-2.055658706904110039e-03
-2.632231050963526001e-03
-2.660512174007487966e-03
-1.769348153819701782e-03
-2.354505213252735575e-03
-3.070908278641968671e-03
-2.152932104471962961e-03
-2.775488391834397828e-03
-3.190129899686483181e-03
-2.572700144697684203e-03
-2.297188273437237617e-03
-2.698715688691214701e-03
-2.062152771256978677e-03
-3.126178263394366504e-03
-3.074699957253828903e-03
-3.414751315897988047e-03
-3.417572488799413069e-03
-2.549290491543618371e-03
-2.177119615909699907e-03
-2.712014160192081393e-03
-3.014762932877347243e-03
-3.221996396532542453e-03
-2.988408641381379120e-03
-2.989642388830305447e-03
-3.476853247548029185e-03
-2.226538348550039653e-03
-3.083261784160675530e-03
-2.733165600664166917e-03
-2.081427418004921752e-03
-2.109811186952231972e-03
-2.985797325303317373e-03
-3.062624421294868685e-03
-2.691169092908262880e-03
-2.598343825586873958e-03
-3.494847439110265221e-03
-2.704346852043994654e-03
-3.431444835067971877e-03
-3.421515040615145335e-03
-3.085777864256127653e-03
-3.478881062554707582e-03
-2.666335509606757113e-03
-3.368314287615135991e-03
-1.502447740562969092e-03
-1.842302543421742590e-03
-2.107951965521424366e-03
-2.823062336954154129e-03
-2.775027675748733234e-03
-1.654529797235968934e-03
-2.880113571803010006e-03
-2.803944194815465030e-03
-2.052504937049258633e-03
-1.616495261248695981e-03
-2.633303461642340706e-03
-2.828192826883444734e-03
-3.280592536859537438e-03
-1.913222622138938036e-03
-1.568556905624587721e-03
-2.800785201528036960e-03
-2.155509095604219751e-03
-2.648289157733727407e-03
-2.375323540428710394e-03
-2.631116530552526575e-03
-1.810423405154212503e-03
-1.822931092840769868e-03
-1.885183957625479042e-03
-1.949089379900759925e-03
-3.298199158426488864e-03
-1.653842493327697472e-03
-3.163064486604590109e-03
-2.597012780690103381e-03
-2.954176804745080234e-03
-2.850424539034055946e-03
-1.625467363461236166e-03
-3.114116127114112311e-03
-2.872308124083600665e-03
-2.229062593296386383e-03
-2.334986704657642832e-03
-2.732798260296159017e-03
-2.550468564541882605e-03
-3.173284896869378851e-03
-2.075249733164613152e-03
-3.319823807384029817e-03
-1.693889671790560101e-03
-2.783474662970197595e-03
-2.664249505518425341e-03
-3.090304158023299622e-03
-2.934614632988695199e-03
-2.316451690471671779e-03
-3.016806235119950767e-03
-2.583519531874186020e-03
-2.750342886037894334e-03
-2.297514148094002839e-03
-2.101682371179077174e-03
-2.956058654197933795e-03
-2.634324274815465043e-03
-3.081162281423706524e-03
-2.910157220764051159e-03
-2.188299452069384851e-03
-1.877012092391278824e-03
-3.492701136975538082e-03
-1.659203691902549514e-03
-3.441253513554613352e-03
-2.164105541168446362e-03
-2.414823500950252604e-03
-2.171297528364572564e-03
-2.916262856672862617e-03
-2.315274227163220504e-03
-2.657175009762051746e-03
-3.372703768625525105e-03
-2.987847095870031604e-03
-2.739092451486306937e-03
-2.843559319657808747e-03
-1.573989586825354833e-03
-2.294699535257002654e-03
-2.196094005024790477e-03
-2.903248913212473289e-03
-2.413438772972413895e-03
-2.516424391489840290e-03
-1.576388097899743181e-03
-2.252771298103141764e-03
-3.430191149929300715e-03
-1.914734677224004273e-03
-2.150218545454994287e-03
-2.717653119784229840e-03
-3.273846399449428790e-03
-2.204035567437771272e-03
-3.169265010314434305e-03
-2.892073649471177139e-03
-2.907461124846419734e-03
-1.560304258817406947e-03
-2.310332992441334419e-03
-1.804637915352587342e-03
-3.429028011976875852e-03
-3.479279526577612729e-03
-2.691395020225831498e-03
-3.457413047734890586e-03
-2.478304528513794545e-03
-2.140918480052706255e-03
-2.682574806637754491e-03
-2.037891582420024543e-03
-2.016685594684996391e-03
-2.507935287073669722e-03
-3.042908361249427492e-03
-1.535686501622533090e-03
-3.189209743146361863e-03
-1.861635139321403528e-03
-2.765358306566576257e-03
-1.698799349759753247e-03
-1.548266472088774505e-03
-1.583616015911511622e-03
-2.994110398556023168e-03
-2.744126290255883942e-03
-2.047388809254631868e-03
-2.774976112395206168e-03
-3.386302970700178980e-03
-2.877937435620973004e-03
-2.154147463655980716e-03
-3.261156546801140688e-03
-1.624491240106634487e-03
-1.620852113900384884e-03
-2.803517761236465518e-03
-1.904734848444880699e-03
-3.160313167816017690e-03
-2.186189864145109477e-03
-2.311794432093621128e-03
-1.824713508532106341e-03
-2.932391593146308883e-03
-2.999150508182925768e-03
-2.363628408379893700e-03
-2.166957569597125714e-03
-3.442027887589881648e-03
-2.044580456119479261e-03
-2.436828387647973441e-03
-2.736015032967245748e-03
-1.642868965870149939e-03
-3.427782018527023543e-03
-1.534070490036862008e-03
-3.320230765882893967e-03
-2.313375862343730605e-03
-3.320473787882721739e-03
-2.176108357367860079e-03
-2.194978138786046664e-03
-2.449853659025502672e-03
-3.231034136450622752e-03
-3.234539029612209203e-03
-1.540972320425596041e-03
-1.984592771809528047e-03
-2.171289668250528555e-03
-1.984922625719701822e-03
-3.049486530178685366e-03
-2.160433551916607700e-03
-2.825836415048438299e-03
-2.547888839544766929e-03
-2.038268539584870039e-03
-1.967558838800157264e-03
-1.931676350327629329e-03
-3.232731999568210293e-03
-1.683853813617389086e-03
-1.602151469129747862e-03
-3.418469926405392871e-03
-3.306788500382188117e-03
-2.143386566234634430e-03
-3.478490109071620106e-03
-2.382823537240132215e-03
-1.514736664588629822e-03
-1.922912937071982872e-03
-2.594489138749116533e-03
-3.323853234658467447e-03
-2.622706168179530020e-03
-1.630255627191540399e-03
-2.716357124149567336e-03
-1.870322473508092111e-03
-1.809148792766859760e-03
-1.743934289615322111e-03
-2.352313694548210585e-03
-2.287918122470764329e-03
-1.689768198087890187e-03
-1.832886740221198289e-03
-2.054402282925056090e-03
-2.473772159716757998e-03
-2.101535866112018772e-03
-2.964906207050205765e-03
-1.938524966192931498e-03
-2.324009157370888166e-03
-2.458112855103222749e-03
-2.882893619398209459e-03
-2.290576683704039895e-03
-2.296671646979784112e-03
-2.242672140388581210e-03
-1.600412494478690257e-03
-3.407869043493717311e-03
-1.950921237292643643e-03
-2.177894210257011118e-03
-3.387332574725278496e-03
-2.240186304457731509e-03
-3.235024209624329152e-03
-2.563426341619351023e-03
-2.245267805029526557e-03
-3.413939885105252061e-03
-1.702856817344969471e-03
-3.196682515518112742e-03
-1.556057409838182068e-03
-3.147529307815308437e-03
-2.083927867215762050e-03
-2.954187330772099426e-03
-2.855029753294737599e-03
-3.000197728913978675e-03
-2.087076289241545420e-03
-2.707564125801255675e-03
-2.021985638531112114e-03
-3.103724600841311580e-03
-3.442573010728059921e-03
-1.947327898227710309e-03
-3.235155587793622344e-03
-2.597345958818884568e-03
-1.592597251805662542e-03
-2.165127989818953994e-03
-3.200454302426715761e-03
-2.811730887110812458e-03
-1.533649515635800327e-03
-3.250855715307177617e-03
-3.381557497453140625e-03
-1.829469585644881349e-03
-1.632915933898063240e-03
-1.604571744251190139e-03
-3.227866470611515277e-03
-2.529101509608228625e-03
-3.489723245096724730e-03
-2.480681403867513856e-03
-3.343651493936805955e-03
-1.723652161220900775e-03
-3.062675436089963565e-03
-3.037404261965730417e-03
-2.008628773130452169e-03
-3.204325316482265797e-03
-2.559305723837158614e-03
-2.144769972740865217e-03
-2.589265580721624316e-03
-3.404802260616621341e-03
-3.022308792869402971e-03
-2.609167923530427390e-03
-2.715448405210766931e-03
-2.761337918434777008e-03
-2.458576629453578313e-03
-2.598337353059015659e-03
-1.952006813454067831e-03
-2.622972500722730530e-03
-3.222026025564106184e-03
-2.941546961590746877e-03
-2.001869285587828430e-03
-2.332610964304600298e-03
-2.337367493981951181e-03
-3.318962568631145162e-03
-2.269595863685938859e-03
-1.842674357201596735e-03
-2.420909267445952272e-03
-3.081206582126615537e-03
-3.235638585257014175e-03
-2.612762488157834278e-03
-3.118668444912245721e-03
-1.663158608760434724e-03
-2.477497618056330453e-03
-2.526734716030042648e-03
-2.457674912459856340e-03
-3.061939735836040170e-03
-2.032262047774257598e-03
-1.736300658754318538e-03
-3.177173626370992550e-03
-2.060373515780231785e-03
-2.183607248546506896e-03
-1.886809213484006873e-03
-2.593677991949872030e-03
-2.541004653210183779e-03
-3.061131399504339254e-03
-2.821167044202115351e-03
-2.901508498928882275e-03
-3.172938684573129667e-03
-3.137617220013036966e-03
-2.860260048386064138e-03
-3.359441379937309381e-03
-3.451994941600181402e-03
-3.075855056152021570e-03
-2.318681511211504072e-03
-3.065509892337511724e-03
-3.344400317288174444e-03
-1.993725989033228591e-03
-3.149972300762555934e-03
-2.291059022950500245e-03
-1.627917197923234869e-03
-1.866931595812837928e-03
-3.274766152216397608e-03
-1.647482448649625940e-03
-1.943801147653909708e-03
-2.870694224658024846e-03
-3.424102435340471619e-03
-3.101959560453218610e-03
-1.591338062151304586e-03
-2.723673513544230384e-03
-2.699315398730291714e-03
-3.073982080200633304e-03
-1.765850741562051364e-03
-3.217078438832322862e-03
-1.800836120871550502e-03
-1.519644353363675676e-03
-2.589859795779028088e-03
-2.338318063080711915e-03
-2.689481648197348737e-03
-3.412109414553361666e-03
-2.755437391751905125e-03
-1.829374695843210673e-03
-3.093142725589998355e-03
-3.269903287384778954e-03
-1.933977101282869379e-03
-1.844141924843080687e-03
-2.269138267276228464e-03
-2.146413751798016863e-03
-2.678721951630780480e-03
-2.595851647540132773e-03
-3.322907721447140687e-03
-2.269440149888612545e-03
-2.303575615132525626e-03
-1.998211525829384546e-03
-3.266486202734279753e-03
-1.928566063904572220e-03
-2.091730272802856672e-03
-3.062315932488665626e-03
-3.338537126754995317e-03
-2.414943224246071923e-03
-2.417582545965216764e-03
-2.412023430465056080e-03
-2.288777982414664028e-03
-2.601282892610159297e-03
-2.166818802487587708e-03
-1.541000297590583521e-03
-2.546903816825513145e-03
-1.776903047923606089e-03
-3.360353051174224098e-03
-2.853126888899814098e-03
-3.002761158719273460e-03
-2.305511403675956916e-03
-3.267637984839804645e-03
-3.331542775437947197e-03
-2.855329456819434043e-03
-1.535586557235731758e-03
-1.832943199753347832e-03
-3.185122887558281945e-03
-2.745830546882413806e-03
-3.486292142000389088e-03
-2.141572236806182743e-03
-2.013338807486404498e-03
-2.598562349189246102e-03
-2.478096122233534003e-03
-2.633696133561419343e-03
-1.810602720452033016e-03
-1.709201627844227165e-03
-2.097395854944403195e-03
-3.355082499882870890e-03
-1.587365247475167399e-03
-2.724914225827798457e-03
-3.282700380344011869e-03
-1.632297803100120261e-03
-2.405629174877747106e-03
-2.781814632139443730e-03
-2.931174203086772592e-03
-1.943908130396654896e-03
-3.327140847934908184e-03
-1.723195074438086402e-03
-3.038487659869660955e-03
-3.052682912397952034e-03
-1.703372921175283928e-03
-1.883427941535797479e-03
-1.817855411031195790e-03
-1.903999869746755705e-03
-2.068814980548457950e-03
-2.341167401600354435e-03
-1.740725268665603911e-03
-1.506912038973492411e-03
-3.096355795454042766e-03
-2.685040589792415076e-03
-2.036618157471426979e-03
-2.124982424943887456e-03
-3.139265577236837780e-03
-3.434452550179829377e-03
-2.873801644927335107e-03
-2.680794149923375596e-03
-2.942032596836476315e-03
-1.864046140022883541e-03
-2.348622722823878739e-03
-2.568945718650145031e-03
-2.116471874989017850e-03
-3.413037087131601689e-03
-2.576104905368544525e-03
-1.815269545633407377e-03
-2.895018796203235791e-03
-2.815042631223290022e-03
-1.653208511560881524e-03
-3.424578084298535770e-03
-1.595850642885919849e-03
-2.918185507618339079e-03
-2.589723675029588154e-03
-2.723269913524344228e-03
-3.179771088510514529e-03
-3.199232015594395337e-03
-3.436715886993104742e-03
-2.184531076289125164e-03
-2.911187922332120811e-03
-2.670811044770843214e-03
-3.066923678042776918e-03
-1.563661857822226707e-03
-1.726687123461080305e-03
-2.334954113454679441e-03
-2.142961373944289247e-03
-2.499267098327903874e-03
-2.678370261926537980e-03
-3.008825598273233599e-03
-1.542511117355799873e-03
-2.113847220624257874e-03
-3.008180927128697654e-03
-3.456767960350051998e-03
-2.136979937434360828e-03
-3.231839735404402978e-03
-3.040472239228852232e-03
-1.832795428841129184e-03
-1.938781033671132170e-03
-3.125382104821894120e-03
-2.730660952988646969e-03
-2.390899477080211857e-03
-3.020376097027877016e-03
-3.068779376034660219e-03
-3.338635123124399084e-03
-3.004834554790728612e-03
-2.588610758502466434e-03
-3.118155470468204817e-03
-1.712032674246377964e-03
-2.796292658947953196e-03
-3.186293284447087176e-03
-2.398458032510566301e-03
-2.373655084561626487e-03
-2.652940695032107721e-03
-2.537835490769164461e-03
-2.374543733559091735e-03
-3.311170328502233660e-03
-1.818041781515283752e-03
-2.170984580174084057e-03
-2.358011439198182298e-03
-2.879120996388078585e-03
-2.359660779850246415e-03
-2.692433455058998015e-03
-2.813942047596104407e-03
-2.592466465694141971e-03
-1.958305855649536062e-03
-3.054254339113369500e-03
-2.320885900828440450e-03
-2.060495648351538117e-03
-3.261053856095440500e-03
-3.290856843094594995e-03
-1.505095433489255473e-03
-2.014010300371450908e-03
-3.424690517280700244e-03
-3.369802645236481733e-03
-2.123622262070978990e-03
-3.330147536445774836e-03
-2.210792933724892596e-03
-1.596151535503998646e-03
-2.269524293969310460e-03
-2.347325215530641877e-03
-2.166253945551116500e-03
-2.497769274085594442e-03
-2.817208488297888534e-03
-2.537472568396518472e-03
-2.230884869186316490e-03
-2.738494912874821479e-03
-1.663428598770026832e-03
-2.657767176774400789e-03
-1.646612480679029988e-03
-2.721627225814974259e-03
-2.224248368097536677e-03
-1.847810658559016208e-03
-1.931893012768011756e-03
-3.024090618064960000e-03
-2.593008824967160935e-03
-1.803673889195805090e-03
-2.989409892570445235e-03
-2.662229233827779085e-03
-1.848183813538965782e-03
-3.416444518052932835e-03
-2.897805615916256190e-03
-3.177935164515938854e-03
-2.555894603277503868e-03
-3.398825874833446420e-03
-2.313267431472638361e-03
-1.904391867616311547e-03
-2.461777628384057524e-03
-2.671037157315530632e-03
-2.952744125815660176e-03
-1.661640381044915274e-03
-3.459313412002082942e-03
-2.395010963934382335e-03
-1.943894410469679561e-03
-1.927795699963145981e-03
-3.456177064242487145e-03
-2.818109576866697271e-03
-3.270426689128545783e-03
-2.384296906627334130e-03
-2.248844066165189056e-03
-3.411989089674872817e-03
-1.716149850838414627e-03
-1.843967853543837130e-03
-2.546469604446188403e-03
-1.767140586107726315e-03
-1.556690247859858186e-03
-1.521596382319928380e-03
-1.706709371488484553e-03
-2.164449527713383555e-03
-2.288155079880414399e-03
-1.689959446059316863e-03
-1.822589729184376619e-03
-3.422304970104130418e-03
-3.235601581529544846e-03
-3.485356902991610956e-03
-1.964481440471239904e-03
-2.458909788484693344e-03
-2.233688118911356622e-03
-2.318394622270683863e-03
-2.730335824471949013e-03
-1.877457882287706780e-03
-1.614915908680763850e-03
-3.044322686060829154e-03
-3.198413202514984160e-03
-3.126423859443658304e-03
-2.262649121585622904e-03
-2.081736172850129872e-03
-3.325242707274593014e-03
-1.581636943068919594e-03
-2.202836318627960938e-03
-1.669262111075855677e-03
-1.771909631184815032e-03
-3.196111136617441929e-03
-1.869506366458260384e-03
-1.660147141945511173e-03
-2.184016669884925738e-03
-2.586699532150813895e-03
-2.066536195217366905e-03
-1.955108056262715513e-03
-2.625432789541424887e-03
-2.211747179856777060e-03
-3.067596998546811768e-03
-3.387459320920966667e-03
-2.106881770115394750e-03
-3.051918944700594046e-03
-2.436611824231686360e-03
-1.781981400549380529e-03
-2.356408580240207384e-03
-2.045171234622397173e-03
-3.276343665473703190e-03
-3.077250158580346461e-03
-2.529123592667520837e-03
-3.276217719122069723e-03
-2.438283229433052708e-03
-1.986124698855022599e-03
-2.257390226883715552e-03
-3.067111246813990222e-03
-2.459345642340878772e-03
-2.543217551022641538e-03
-3.496474044487922310e-03
-2.827088515817113151e-03
-2.557973369038777246e-03
-2.586651499212291004e-03
-1.865654034796688544e-03
-2.433424235973423097e-03
-2.352254503191416289e-03
-1.754098156108405008e-03
-1.913562521539336403e-03
-1.687262597367114895e-03
-3.098372441899411873e-03
-2.900839465510703444e-03
-2.445668586426766322e-03
-3.263487854196131174e-03
-3.194313634899214639e-03
-1.602862564997617738e-03
-2.163610964044924891e-03
-1.772213861508805180e-03
-3.216549973053928202e-03
-3.422541086288759422e-03
-2.901854693993588443e-03
-3.457706761540752394e-03
-3.010777665963493624e-03
-2.680806641052884375e-03
-2.714884412282618509e-03
-2.129221815884656862e-03
-1.625625367486755119e-03
-3.210201547339288676e-03
-3.016491481330214885e-03
-3.124793307513788580e-03
-3.410901325954328669e-03
-1.740225838784158641e-03
-3.405433417436099820e-03
-2.044279781933111984e-03
-1.697341629826068250e-03
-3.199493489428077361e-03
-1.716492579125856663e-03
-3.026739975903406776e-03
-2.940500132823683881e-03
-1.815596859654892026e-03
-1.741232340051087008e-03
-2.933067963670492502e-03
-2.051856357085110084e-03
-2.642061701053846287e-03
-1.895591092073132611e-03
-1.573797309301573112e-03
-2.793686242833124788e-03
-3.305485947816954630e-03
-2.069742401200326716e-03
-2.598255861822653008e-03
-1.855737681183689848e-03
-3.031078329362810013e-03
-2.142946593597799126e-03
-1.779805417817474384e-03
-1.662636626410696856e-03
-1.817194707119616391e-03
-2.414153142499065978e-03
-2.787956873383371555e-03
-1.679199418431218420e-03
-2.906606847271859390e-03
-2.617436838401528652e-03
-2.990523938171619524e-03
-2.338749601357436279e-03
-2.309441672417058417e-03
-1.686017335142599594e-03
-1.507635317314444477e-03
-2.741335473892797525e-03
-2.393455340336090535e-03
-2.839701216037762363e-03
-3.380356722715801860e-03
-3.409983117457687351e-03
-3.288246581257869405e-03
-2.556201529487676927e-03
-1.994032092534415643e-03
-2.119071797289839333e-03
-1.757891825040939571e-03
-2.172471620720244339e-03
-3.155799236206173908e-03
-1.988998316803748667e-03
-3.186977927937355553e-03
-1.945550679139425787e-03
-2.017995149232336416e-03
-1.876429502706843371e-03
-2.606770256699795542e-03
-1.596550204915946373e-03
-2.807870458196077505e-03
-3.151717038772546865e-03
-3.249135348039733102e-03
-1.780429929396952016e-03
-1.866180604763831297e-03
-2.445549110007760266e-03
-2.610935444489267867e-03
-2.399908132281118427e-03
-3.125730024419250217e-03
-2.728524065959697306e-03
-2.039254932979070196e-03
-2.831015287162722948e-03
-2.797657138970392320e-03
-1.750417513716274586e-03
-1.978560711230903900e-03
-1.790524352411112380e-03
-2.787338090190528972e-03
-1.813956588756896133e-03
-1.968795701352804572e-03
-2.969650646322866648e-03
-3.002138462118075692e-03
-2.240131543165334131e-03
-3.192488221520330561e-03
-1.713192783180246016e-03
-3.184535964294556154e-03
-2.442521873573821369e-03
-2.077121910078470399e-03
-2.217650487556504547e-03
-2.786582468316169819e-03
-2.700096682143012568e-03
-3.369690861747107972e-03
-2.976219294147046997e-03
-2.678137695154209508e-03
-3.396455486065426237e-03
-2.647441471860405293e-03
-3.192365846925500610e-03
-2.327042244096959745e-03
-2.980154223804007928e-03
-1.793942085649794741e-03
-2.107651338916763893e-03
-3.152410444019430186e-03
-3.430938604245267667e-03
-2.634429024425946706e-03
-1.915328173408421732e-03
-2.588887437150935895e-03
-3.477516635653623862e-03
-2.318650791613892283e-03
-3.434821532835336845e-03
-3.377414056827819384e-03
-3.232844374516845830e-03
-1.945057507467783976e-03
-1.901693754519215643e-03
-2.242190539931739751e-03
-2.247969001571320600e-03
-1.827832008289304510e-03
-3.129747167028747168e-03
-1.811155833650735306e-03
-1.862090877509425205e-03
-3.418475244175349457e-03
-2.254031067198820817e-03
-2.728336315673873368e-03
-2.038245951034895961e-03
-1.641693446399719765e-03
-2.310104726756270072e-03
-3.225230443939733002e-03
-2.890692036506310389e-03
-1.847627532148756824e-03
-2.725449747993028207e-03
-3.030878431448968437e-03
-3.192938933638381650e-03
-2.844606195395515263e-03
-2.610383307721331030e-03
-3.092003586711496946e-03
-3.397667571489234022e-03
-1.663268102950157595e-03
-2.274951485430404523e-03
-2.676639522360759870e-03
-2.753648718157612404e-03
-1.965678110204252191e-03
-3.397604823930728581e-03
-1.822656540360469667e-03
-3.115775874239507925e-03
-3.380551972693253502e-03
-2.171331969162513132e-03
-3.249298822264227917e-03
-1.648917561319825000e-03
-2.092621462246654386e-03
-3.025036468989181302e-03
-3.240165296057364100e-03
-2.959729877549763244e-03
-3.108648838257384826e-03
-3.220666756743051969e-03
-2.600786961169655048e-03
-2.143101224946133455e-03
-2.291978012992569331e-03
